githubHandle: KatarzynaGut
latitude: 52.229676
longitude: 21.012229
