Latitude: 47.898443
Longitude: 16.908214
