githubHandle: Saturn2357
latitude: 45.466388
longitude:-122.626374


