githubHandle: SEGARJJ
LATITUDE: 58.770867
LONGITUDE: 5.846699
